1.030491116074793100e+09
7.335405211013481617e+08
3.960484203136563897e+08
3.248352572026277781e+08
2.897999168928020000e+08
1.975694797429334521e+08
1.422369188345333934e+08
1.376332801774829626e+08
1.124131152204505354e+08
1.058494253644001782e+08
8.417991165861871839e+07
8.118068159608349204e+07
6.419341842417305708e+07
6.135448576146142930e+07
5.627012272738173604e+07
5.182504952453928441e+07
4.984260605415070057e+07
4.956271858755501360e+07
4.321165142646270245e+07
4.116415868417184800e+07
3.908199535313723981e+07
3.771083790645826608e+07
3.461615318724189699e+07
3.163416457896974683e+07
3.056351058880097419e+07
2.954443598141035810e+07
2.755272771264395118e+07
2.740877947296721116e+07
2.642028382879518345e+07
2.611427333585049212e+07
2.521270662108056247e+07
2.357632278226690739e+07
2.293101595642398670e+07
2.203308913157249242e+07
2.193706822096270323e+07
2.104627032369209081e+07
2.015506202720362693e+07
1.955577148037142679e+07
1.816009290637562796e+07
1.783852900456213579e+07
1.770204455796234682e+07
1.716426714182555303e+07
1.677244874202900752e+07
1.614944157641176693e+07
1.598742228177687153e+07
1.533169070025942102e+07
1.494878076523326337e+07
1.447417444197747670e+07
1.423181762886145525e+07
1.398862934360630997e+07
1.355383307439138554e+07
1.310706778746266104e+07
1.291462665122439153e+07
1.219209673210935108e+07
1.213092905834260397e+07
1.201901711704456434e+07
1.186902812302145921e+07
1.163127447306540422e+07
1.153819896417367086e+07
1.109218074295381829e+07
1.081496375583923422e+07
1.054127192568872869e+07
1.038379833647312596e+07
1.024331029422350228e+07
9.773875834794748574e+06
